result.csv
0x7fffdc5b0900
USER3....1
 0 22 31 70 23 28 31 37 55 54 64 14 52 32 34 54 44 27 23 19 29 23 60 52 51 25 29 53 33 34 35 61 49 40 53 32 23 27 14 26 22
 22 0 63 24 90 88 84 55 52 39 34 90 29 14 56 32 44 89 85 50 33 22 31 36 43 36 29 34 53 61 60 33 29 25 49 81 84 48 91 77 92
 31 63 0 26 63 66 64 57 55 47 42 60 45 22 79 34 44 66 63 57 36 38 36 45 48 53 51 37 51 58 58 37 36 29 55 69 65 57 60 68 63
 70 24 26 0 23 29 30 36 53 48 58 14 42 26 28 58 41 26 21 18 30 19 45 42 42 21 23 51 33 36 36 55 42 36 47 29 23 23 15 25 21
 23 90 63 23 0 90 85 60 49 42 34 88 32 17 55 30 42 86 86 49 34 23 29 36 41 34 31 35 53 58 58 34 29 27 48 75 82 49 88 79 91
 28 88 66 29 90 0 86 60 56 44 38 85 34 17 58 36 42 87 85 49 32 24 34 37 42 34 31 34 51 57 56 38 34 31 51 77 84 49 85 80 86
 31 84 64 30 85 86 0 59 53 49 43 81 31 22 56 32 42 86 83 51 34 25 33 44 49 36 32 39 53 62 61 41 37 36 54 79 82 51 81 80 83
 37 55 57 36 60 60 59 0 60 53 48 51 41 21 60 39 51 58 59 50 43 24 41 42 51 34 33 42 60 66 66 50 42 31 55 60 55 56 51 58 54
 55 52 55 53 49 56 53 60 0 58 58 43 53 26 55 52 63 56 52 47 43 26 60 51 60 40 37 56 62 62 62 51 43 36 65 56 51 52 44 53 49
 54 39 47 48 42 44 49 53 58 0 60 33 49 31 48 55 56 44 42 39 44 29 58 61 62 42 45 61 44 46 47 59 54 47 66 50 45 45 34 48 41
 64 34 42 58 34 38 43 48 58 60 0 26 48 35 44 55 46 38 34 31 44 29 58 61 60 36 41 59 41 44 44 64 55 48 58 44 32 38 27 39 34
 14 90 60 14 88 85 81 51 43 33 26 0 24 9 51 25 36 82 82 49 29 21 24 29 34 32 27 26 47 54 53 27 24 23 42 73 81 46 99 75 88
 52 29 45 42 32 34 31 41 53 49 48 24 0 29 45 56 53 37 29 29 40 30 66 50 50 34 38 58 34 37 38 43 43 36 49 38 38 31 24 42 32
 32 14 22 26 17 17 22 21 26 31 35 9 29 0 24 25 22 17 14 16 23 19 26 42 32 19 25 27 15 16 16 24 25 26 25 20 16 16 10 21 15
 34 56 79 28 55 58 56 60 55 48 44 51 45 24 0 37 49 59 56 59 39 44 38 50 55 59 59 38 51 57 57 34 42 34 56 62 56 60 51 58 56
 54 32 34 58 30 36 32 39 52 55 55 25 56 25 37 0 49 34 30 27 36 25 58 47 48 32 33 58 33 38 38 53 48 38 56 41 34 29 25 38 32
 44 44 44 41 42 42 42 51 63 56 46 36 53 22 49 49 0 49 46 38 49 25 49 51 60 36 34 58 59 58 58 40 34 28 54 52 46 44 36 49 42
 27 89 66 26 86 87 86 58 56 44 38 82 37 17 59 34 49 0 86 51 36 23 36 43 49 36 31 38 55 64 64 36 31 29 52 82 84 49 83 81 88
 23 85 63 21 86 85 83 59 52 42 34 82 29 14 56 30 46 86 0 51 36 25 34 36 45 36 33 34 57 65 65 36 32 27 45 77 83 56 82 77 86
 19 50 57 18 49 49 51 50 47 39 31 49 29 16 59 27 38 51 51 0 34 35 27 40 44 52 42 27 49 51 51 30 36 36 44 52 51 51 49 51 52
 29 33 36 30 34 32 34 43 43 44 44 29 40 23 39 36 49 36 36 34 0 26 37 45 51 36 36 42 47 43 43 36 31 31 33 37 36 36 29 35 36
 23 22 38 19 23 24 25 24 26 29 29 21 30 19 44 25 25 23 25 35 26 0 26 30 31 70 57 25 23 23 23 25 44 36 27 26 24 35 21 26 25
 60 31 36 45 29 34 33 41 60 58 58 24 66 26 38 58 49 36 34 27 37 26 0 56 55 31 36 56 34 38 40 59 52 42 56 40 37 35 25 40 32
 52 36 45 42 36 37 44 42 51 61 61 29 50 42 50 47 51 43 36 40 45 30 56 0 69 45 44 49 43 47 48 51 47 47 55 47 34 37 30 44 36
 51 43 48 42 41 42 49 51 60 62 60 34 50 32 55 48 60 49 45 44 51 31 55 69 0 48 44 51 53 58 59 55 48 46 55 53 42 48 34 44 44
 25 36 53 21 34 34 36 34 40 42 36 32 34 19 59 32 36 36 36 52 36 70 31 45 48 0 66 31 37 38 38 34 50 40 39 39 35 45 33 36 38
 29 29 51 23 31 31 32 33 37 45 41 27 38 25 59 33 34 31 33 42 36 57 36 44 44 66 0 38 31 31 31 36 51 42 38 36 34 42 27 33 31
 53 34 37 51 35 34 39 42 56 61 59 26 58 27 38 58 58 38 34 27 42 25 56 49 51 31 38 0 43 40 40 54 49 43 59 40 43 35 27 42 33
 33 53 51 33 53 51 53 60 62 44 41 47 34 15 51 33 59 55 57 49 47 23 34 43 53 37 31 43 0 80 79 43 31 25 49 55 48 55 47 49 50
 34 61 58 36 58 57 62 66 62 46 44 54 37 16 57 38 58 64 65 51 43 23 38 47 58 38 31 40 80 0 98 45 36 29 52 65 56 54 55 58 59
 35 60 58 36 58 56 61 66 62 47 44 53 38 16 57 38 58 64 65 51 43 23 40 48 59 38 31 40 79 98 0 45 36 30 52 65 55 54 54 58 58
 61 33 37 55 34 38 41 50 51 59 64 27 43 24 34 53 40 36 36 30 36 25 59 51 55 34 36 54 43 45 45 0 65 51 63 41 32 37 27 35 33
 49 29 36 42 29 34 37 42 43 54 55 24 43 25 42 48 34 31 32 36 31 44 52 47 48 50 51 49 31 36 36 65 0 56 53 36 29 40 25 31 31
 40 25 29 36 27 31 36 31 36 47 48 23 36 26 34 38 28 29 27 36 31 36 42 47 46 40 42 43 25 29 30 51 56 0 49 29 27 33 23 29 29
 53 49 55 47 48 51 54 55 65 66 58 42 49 25 56 56 54 52 45 44 33 27 56 55 55 39 38 59 49 52 52 63 53 49 0 58 49 51 43 58 47
 32 81 69 29 75 77 79 60 56 50 44 73 38 20 62 41 52 82 77 52 37 26 40 47 53 39 36 40 55 65 65 41 36 29 58 0 77 51 73 81 78
 23 84 65 23 82 84 82 55 51 45 32 81 38 16 56 34 46 84 83 51 36 24 37 34 42 35 34 43 48 56 55 32 29 27 49 77 0 47 81 82 84
 27 48 57 23 49 49 51 56 52 45 38 46 31 16 60 29 44 49 56 51 36 35 35 37 48 45 42 35 55 54 54 37 40 33 51 51 47 0 46 49 49
 14 91 60 15 88 85 81 51 44 34 27 99 24 10 51 25 36 83 82 49 29 21 25 30 34 33 27 27 47 55 54 27 25 23 43 73 81 46 0 75 89
 26 77 68 25 79 80 80 58 53 48 39 75 42 21 58 38 49 81 77 51 35 26 40 44 44 36 33 42 49 58 58 35 31 29 58 81 82 49 75 0 79
 22 92 63 21 91 86 83 54 49 41 34 88 32 15 56 32 42 88 86 52 36 25 32 36 44 38 31 33 50 59 58 33 31 29 47 78 84 49 89 79 0