result.csv
0x7fffc60a1b60
USER 0 1 2 3 4 5 6 7 8 9 10 11 12 13 14 15 16 17 18 19 20 21 22 23 24 25 26 27 28 29 30 31 32 33 34 35 36 37 38 39 40 41 42 43 44 45 46 47 48 49 50 51 52 53 54 55 56 57 58 59 60 61 62 63 64 65 66 67 68 69 70 71 72 73 74 75 76 77 78 79 80 81 82 83 84 85 86 87 88 89 90 91 92 93 94 95 96 97 98 99 100
portilo@jabbim.cz 21 0 0 0 1 1 1 1 0 0 0 0 0 0 2 2 1 7 0 0 2 5 0 6 0 0 2 1 1 0 3 1 2 7 0 0 3 0 5 2 3 5 1 0 0 1 4 0 5 0 0 0 0 1 0 4 4 0 0 0 0 0 0 0 0 6 1 0 1 0 0 1 5 6 0 0 0 0 4 0 0 5 1 1 0 7 0 2 0 0 0 0 1 4 0 2 3 0 0 0 0 0 0 0 0 0 0 0 0 0 0 0 0 0 0 0 0 0 0 0 0 0 0 0 0 0 0 0 0 0
xsendl00@jabbim.com 139 0 0 0 0 0 0 0 0 0 0 0 0 0 0 0 0 2 0 0 1 1 0 1 0 0 0 0 0 0 0 0 1 1 0 0 0 0 0 0 1 0 0 0 0 0 0 0 0 0 0 0 2 0 0 1 0 0 0 0 0 0 0 0 0 1 0 0 0 0 0 0 1 0 0 0 0 0 0 0 0 1 0 0 0 1 0 0 0 0 0 0 0 0 0 0 0 0 0 0 0 0 0 0 0 0 0 0 0 0 0 0 0 0 0 0 0 0 0 0 0 0 0 0 0 0 0 0 0 0
hrabos@jabbim.com 92 0 0 0 0 4 16 0 0 0 7 0 0 0 0 0 2 0 0 0 0 1 0 3 0 1 0 0 0 0 4 7 1 0 0 0 0 0 0 0 0 1 0 0 1 0 0 0 2 0 0 0 0 0 0 0 0 0 0 0 0 0 0 0 0 0 0 0 0 0 0 1 3 0 0 0 0 0 0 0 0 0 0 1 1 4 0 0 0 0 0 0 1 0 0 0 1 0 0 0 0 0 0 0 0 0 0 0 0 0 0 0 0 0 0 0 0 0 0 0 0 0 0 0 0 0 0 0 0 0
kubira@jabbim.cz 22 0 0 0 0 2 0 3 0 0 0 0 0 0 0 0 0 10 0 0 2 4 0 2 0 0 0 0 1 0 1 0 2 5 0 0 1 0 7 0 2 4 0 0 1 1 12 0 11 0 2 0 3 2 0 1 2 0 0 0 0 0 0 0 0 14 0 0 0 0 0 0 6 10 0 0 0 0 2 0 0 6 2 0 0 3 0 2 0 0 0 0 0 0 0 3 3 0 0 0 0 0 0 0 0 0 0 0 0 0 0 0 0 0 0 0 0 0 0 0 0 0 0 0 0 0 0 0 0 0
mautinek@jabber.cz 136 0 0 0 0 0 0 0 0 0 0 0 0 0 0 0 0 0 0 0 0 0 0 0 0 0 0 0 0 0 0 0 0 1 0 0 0 0 0 2 1 1 0 0 0 0 0 0 0 0 0 0 0 2 0 0 0 0 0 0 0 0 0 0 0 0 1 0 0 0 0 0 5 1 0 0 0 0 0 0 0 0 0 0 0 0 0 0 0 0 0 0 0 0 2 0 2 0 0 0 0 0 0 0 0 0 0 0 0 0 0 0 0 0 0 0 0 0 0 0 0 0 0 0 0 0 0 0 0 0
danulka@jabbim.com 131 0 0 0 0 0 0 1 0 0 0 0 0 0 0 0 0 0 0 0 0 2 0 0 0 0 0 0 0 0 0 0 0 1 0 0 0 0 0 0 0 0 0 0 0 0 4 0 2 0 1 0 0 0 0 0 0 0 0 0 0 0 0 0 0 0 0 0 0 0 0 0 5 4 0 0 0 0 0 0 0 0 0 0 0 2 0 0 0 0 0 0 0 0 0 0 1 0 0 0 0 0 0 0 0 0 0 0 0 0 0 0 0 0 0 0 0 0 0 0 0 0 0 0 0 0 0 0 0 0
matmatmat@jabbim.sk 124 0 0 0 0 0 0 0 0 0 0 0 0 0 0 0 0 1 0 0 0 1 0 1 0 0 0 0 1 0 0 0 0 6 0 0 0 0 3 0 0 0 1 0 0 0 1 0 1 0 0 0 0 0 0 0 0 0 0 0 0 0 0 0 0 0 0 0 0 0 0 0 2 1 0 0 0 0 1 0 0 0 0 0 0 1 0 0 0 0 0 0 0 0 1 2 6 0 0 0 0 0 0 0 0 0 0 0 0 0 0 0 0 0 0 0 0 0 0 0 0 0 0 0 0 0 0 0 0 0
ybyzak@jabbim.sk 79 0 0 0 0 0 0 1 0 0 0 0 4 0 6 0 0 0 0 0 2 0 2 0 0 0 1 0 0 0 0 1 0 5 0 0 0 0 1 1 0 1 0 0 0 0 2 0 0 0 0 0 1 2 0 0 1 0 0 0 0 0 0 0 0 0 10 0 0 0 0 0 5 1 0 0 0 0 0 0 0 11 11 0 1 2 0 1 0 0 0 0 0 0 0 0 1 0 0 1 0 0 0 0 0 0 0 0 0 0 0 0 0 0 0 0 0 0 0 0 0 0 0 0 0 0 0 0 0 0
vecerniceverca@jabbim.cz 66 0 0 0 8 0 0 3 0 0 0 0 0 0 1 1 0 4 0 0 1 6 2 2 0 1 1 0 1 0 1 0 0 4 0 0 0 0 0 2 2 1 0 0 0 0 5 0 2 0 2 0 2 0 0 1 0 0 0 0 0 0 0 0 0 8 0 0 0 0 0 2 4 4 0 0 0 0 1 0 0 3 1 1 0 7 0 0 0 0 0 1 3 0 0 0 0 0 0 0 0 0 0 0 0 0 0 0 0 0 0 0 0 0 0 0 0 0 0 0 0 0 0 0 0 0 0 0 0 0
pojir@isgeek.info 51 0 1 0 0 3 0 3 0 0 0 0 1 0 3 1 1 1 0 0 0 2 0 1 0 1 2 0 4 0 0 0 0 3 0 0 0 0 3 1 0 8 1 0 0 1 1 0 3 0 0 0 0 0 0 2 2 0 0 0 0 0 0 0 0 2 0 0 1 0 0 1 6 2 0 3 0 0 2 0 0 1 5 0 11 4 0 0 0 0 0 0 2 2 2 4 4 1 0 1 0 0 0 0 0 0 0 0 0 0 0 0 0 0 0 0 0 0 0 0 0 0 0 0 0 0 0 0 0 0
vtheman@jabbim.cz 40 0 0 0 1 4 0 0 0 0 0 0 0 0 3 0 2 4 0 0 2 9 0 0 0 1 0 0 1 0 2 1 2 12 0 0 3 0 2 0 0 5 0 0 0 0 8 0 2 0 0 0 2 1 1 1 2 0 0 0 0 0 0 0 0 2 1 0 0 0 0 0 5 2 0 1 0 0 6 0 0 5 0 2 1 3 0 0 0 0 0 1 1 0 1 1 9 2 0 0 0 0 0 0 0 0 0 0 0 0 0 0 0 0 0 0 0 0 0 0 0 0 0 0 0 0 0 0 0 0
jurij.h@jabbim.cz 154 0 0 0 0 0 0 0 0 0 0 0 0 0 0 0 0 0 0 0 0 0 0 0 0 0 0 0 0 0 0 0 0 0 0 0 0 0 0 0 0 0 0 0 0 0 0 0 0 0 0 0 0 0 0 0 0 0 0 0 0 0 0 0 0 0 0 0 0 0 0 0 0 0 0 0 0 0 0 0 0 0 0 0 0 0 0 0 0 0 0 0 0 0 0 0 0 0 0 0 0 0 0 0 0 0 0 0 0 0 0 0 0 0 0 0 0 0 0 0 0 0 0 0 0 0 0 0 0 0
imlich@jabber.fit.vutbr.cz 37 0 0 0 3 3 2 10 0 0 3 0 0 0 1 1 0 0 0 0 0 5 1 11 0 0 0 0 0 0 4 4 1 0 0 0 1 0 1 11 3 2 1 0 0 0 2 0 4 0 0 0 1 2 0 0 0 0 0 0 0 0 0 0 0 3 4 0 0 0 0 0 2 4 0 0 0 0 0 0 0 0 2 0 2 10 0 1 0 0 0 0 1 0 7 0 0 0 0 4 0 0 0 0 0 0 0 0 0 0 0 0 0 0 0 0 0 0 0 0 0 0 0 0 0 0 0 0 0 0
joejoe@jabber.cz 14 0 0 0 1 0 0 2 0 0 3 0 0 0 0 0 1 1 0 0 2 2 0 0 0 2 0 0 1 0 2 1 0 1 0 0 0 0 0 1 1 1 4 0 0 0 1 0 1 0 0 0 0 0 0 0 1 0 0 0 0 0 0 0 0 0 1 0 0 0 0 0 2 1 0 0 0 0 1 0 0 0 0 3 2 5 0 0 0 0 0 0 0 0 2 1 91 1 0 1 0 0 0 0 0 0 0 0 0 0 0 0 0 0 0 0 0 0 0 0 0 0 0 0 0 0 0 0 0 0
semal@jabber.cz 79 0 0 0 0 1 18 0 0 0 7 0 0 0 2 0 7 0 0 0 1 3 0 1 0 0 0 2 0 0 2 6 1 1 0 0 1 0 0 0 0 0 3 0 1 0 1 0 0 0 0 0 0 1 0 0 0 0 0 0 0 0 0 0 0 2 1 0 1 0 0 0 1 3 0 1 0 0 0 0 0 0 0 1 4 2 0 0 0 0 0 0 0 0 0 0 0 0 0 0 0 0 0 0 0 0 0 0 0 0 0 0 0 0 0 0 0 0 0 0 0 0 0 0 0 0 0 0 0 0
mr.aston@jabbim.com 38 0 0 0 1 2 0 7 0 0 0 0 0 0 1 0 0 4 0 0 1 2 0 0 0 0 0 0 0 0 1 0 1 0 1 0 1 0 1 0 2 16 0 0 0 1 4 0 21 0 0 0 0 0 0 3 0 0 0 0 0 0 0 0 0 3 2 0 0 0 0 0 2 12 0 1 0 0 0 0 0 5 1 0 0 5 0 1 0 0 0 0 1 0 3 9 0 0 0 1 0 0 0 0 0 0 0 0 0 0 0 0 0 0 0 0 0 0 0 0 0 0 0 0 0 0 0 0 0 0
mrazek.v@gmail.com 56 0 0 0 5 1 0 3 0 0 0 0 0 0 3 4 0 0 0 0 3 3 3 3 0 0 0 0 0 0 0 0 2 0 1 0 0 0 0 6 13 2 0 0 0 0 2 0 0 0 1 0 6 3 0 5 0 0 0 0 0 0 0 0 0 5 0 0 0 0 0 2 1 0 0 2 0 0 0 0 0 2 0 0 2 2 0 5 0 0 0 0 0 0 2 5 0 0 0 1 0 0 0 0 0 0 0 0 0 0 0 0 0 0 0 0 0 0 0 0 0 0 0 0 0 0 0 0 0 0
theslayer@isgeek.info 127 0 0 0 0 1 0 0 0 0 1 0 0 0 0 0 1 1 0 0 0 1 2 2 0 0 0 0 0 0 0 0 1 2 0 0 0 0 0 2 1 0 0 0 0 0 3 0 0 0 0 0 2 0 0 0 0 0 0 0 0 0 0 0 0 2 0 0 0 0 0 0 0 0 0 0 0 0 0 0 0 0 0 0 0 2 0 0 0 0 0 0 1 0 1 0 0 0 0 1 0 0 0 0 0 0 0 0 0 0 0 0 0 0 0 0 0 0 0 0 0 0 0 0 0 0 0 0 0 0
kuba86@jabber.cz 127 0 0 0 0 0 1 0 0 0 0 0 0 0 3 0 1 0 0 0 0 0 2 0 0 0 0 0 3 0 0 0 0 1 0 0 0 0 0 0 1 1 0 0 0 4 1 0 0 0 1 0 0 1 0 0 0 0 0 0 0 0 0 0 0 0 0 0 0 0 0 4 1 0 0 0 0 0 0 0 0 2 0 0 0 0 0 0 0 0 0 0 0 0 0 0 0 0 0 0 0 0 0 0 0 0 0 0 0 0 0 0 0 0 0 0 0 0 0 0 0 0 0 0 0 0 0 0 0 0
minimax@maxmilian.net 75 0 0 1 0 0 3 0 0 0 6 0 0 0 0 0 1 0 1 0 0 1 0 0 0 1 0 1 1 0 0 0 0 0 0 0 0 0 0 0 0 0 2 0 5 0 0 0 0 0 0 0 0 0 0 0 0 0 0 0 0 0 0 0 0 0 0 0 3 0 0 0 0 0 0 0 0 0 0 0 0 1 1 0 0 0 0 0 0 0 0 1 0 0 0 0 0 50 0 0 0 0 0 0 0 0 0 0 0 0 0 0 0 0 0 0 0 0 0 0 0 0 0 0 0 0 0 0 0 0
miklik@jabber.cz 45 0 0 0 3 0 0 1 0 0 3 0 0 0 0 0 3 0 0 0 3 0 1 0 0 2 0 0 2 0 0 0 0 0 0 0 0 0 0 0 1 0 0 0 0 0 0 0 0 0 1 0 20 1 0 0 0 0 0 0 0 0 0 0 0 2 0 0 0 0 0 1 0 1 0 26 0 0 0 0 0 14 0 0 3 0 0 3 0 0 0 4 1 0 9 0 4 0 0 0 0 0 0 0 0 0 0 0 0 0 0 0 0 0 0 0 0 0 0 0 0 0 0 0 0 0 0 0 0 0
mewoack@aeternum.cz 33 0 0 0 0 0 27 0 0 0 3 0 0 0 1 0 1 0 0 0 0 2 0 0 0 0 0 1 0 0 0 1 0 0 0 0 0 0 0 0 0 0 41 0 13 0 0 0 1 0 0 0 0 1 0 0 0 0 0 0 0 0 0 0 0 0 0 0 24 0 0 1 0 1 0 0 0 0 1 0 0 0 0 0 0 0 0 0 0 0 0 0 0 0 0 0 0 2 0 0 0 0 0 0 0 0 0 0 0 0 0 0 0 0 0 0 0 0 0 0 0 0 0 0 0 0 0 0 0 0
yac@njs.netlab.cz 37 0 3 0 3 5 0 7 0 0 0 0 2 0 2 0 0 3 0 0 1 7 1 11 0 0 1 0 5 0 1 0 0 2 1 0 5 0 1 3 0 1 0 0 0 1 4 0 4 0 0 0 0 0 0 2 6 0 0 0 0 0 0 0 0 2 1 0 0 0 0 2 1 3 0 3 0 0 1 0 0 3 1 0 0 7 0 0 0 0 0 1 0 4 1 0 0 0 0 5 0 0 0 0 0 0 0 0 0 0 0 0 0 0 0 0 0 0 0 0 0 0 0 0 0 0 0 0 0 0
komi@jabber.cz 45 0 3 0 0 6 0 0 0 0 4 0 0 0 0 2 5 2 0 0 2 3 0 7 0 2 0 2 2 0 1 0 4 3 0 0 0 0 3 2 1 2 2 0 0 1 3 0 0 0 0 0 0 1 0 3 0 0 0 0 0 0 0 0 0 0 0 0 0 0 0 0 0 3 0 1 0 0 0 0 0 1 1 3 1 3 0 0 0 0 0 0 2 2 1 2 19 3 0 1 0 0 0 0 0 0 0 0 0 0 0 0 0 0 0 0 0 0 0 0 0 0 0 0 0 0 0 0 0 0
drake127@jabber.cz 52 0 1 0 3 0 2 1 0 0 3 0 1 0 2 1 7 2 0 0 2 1 2 2 0 5 0 0 3 0 1 0 6 6 1 0 1 0 1 2 3 2 1 0 1 2 4 0 1 0 0 0 1 1 0 2 0 0 0 0 0 0 0 0 0 1 2 0 0 0 0 0 1 0 0 2 0 0 0 0 0 1 0 2 0 2 0 0 0 0 0 4 1 2 1 2 5 2 0 0 0 0 0 0 0 0 0 0 0 0 0 0 0 0 0 0 0 0 0 0 0 0 0 0 0 0 0 0 0 0
fletcher@jabbim.cz 50 0 0 0 0 0 20 0 0 0 7 0 0 0 1 0 5 2 0 0 1 0 0 0 0 0 0 4 1 0 0 2 0 0 0 0 0 0 0 0 1 0 16 0 10 0 0 0 3 0 0 0 0 0 0 1 0 0 0 0 0 0 0 0 0 0 0 0 19 0 0 0 0 0 0 0 0 0 0 0 0 0 0 0 0 0 0 0 0 0 0 0 2 0 1 0 0 8 0 0 0 0 0 0 0 0 0 0 0 0 0 0 0 0 0 0 0 0 0 0 0 0 0 0 0 0 0 0 0 0
boky@mongolsko.org 41 0 0 0 0 0 25 0 0 0 28 0 0 0 1 0 3 1 0 0 0 1 0 0 0 0 0 4 0 0 2 2 0 0 0 0 0 0 0 1 0 1 10 0 5 0 1 0 2 0 0 0 0 0 0 1 0 0 0 0 0 0 0 0 0 0 1 0 1 0 0 4 1 1 0 1 0 0 1 0 0 0 0 0 9 0 0 0 0 0 0 1 0 1 0 0 1 3 0 0 0 0 0 0 0 0 0 0 0 0 0 0 0 0 0 0 0 0 0 0 0 0 0 0 0 0 0 0 0 0
mtmccox@jabber.cz 40 0 0 0 3 3 0 4 0 0 0 0 0 0 1 1 0 2 0 0 0 0 0 1 0 0 0 0 0 0 0 0 1 3 0 0 2 0 2 2 9 9 0 0 0 0 2 0 5 0 0 0 2 3 0 0 0 0 0 0 0 0 0 0 0 8 0 0 0 0 0 7 2 2 0 0 0 0 6 0 0 3 0 0 4 4 0 0 0 0 0 0 0 0 4 2 3 0 0 14 0 0 0 0 0 0 0 0 0 0 0 0 0 0 0 0 0 0 0 0 0 0 0 0 0 0 0 0 0 0
tux.martin@gmail.com 72 0 0 0 0 0 0 0 0 0 0 0 0 0 0 0 1 0 0 0 2 0 12 0 0 0 0 0 1 0 0 0 4 6 0 0 0 0 0 2 9 0 0 0 0 3 0 0 0 0 4 0 14 8 0 1 0 0 0 0 0 0 0 0 0 0 0 0 0 0 0 2 4 0 0 0 0 0 0 0 0 2 1 0 0 0 0 1 0 0 0 0 5 0 0 0 0 0 0 0 0 0 0 0 0 0 0 0 0 0 0 0 0 0 0 0 0 0 0 0 0 0 0 0 0 0 0 0 0 0
martin@vancl.eu 83 0 0 0 0 1 0 0 0 0 0 0 0 0 1 0 0 1 0 0 2 0 7 2 0 0 0 0 2 0 0 0 8 8 1 0 0 0 0 0 2 1 0 0 0 3 2 0 0 0 6 0 8 3 0 1 0 0 0 0 0 0 0 0 0 0 0 0 0 0 0 0 1 0 0 0 0 0 0 0 0 2 2 0 0 0 0 1 0 0 0 0 5 0 1 0 0 0 0 0 0 0 0 0 0 0 0 0 0 0 0 0 0 0 0 0 0 0 0 0 0 0 0 0 0 0 0 0 0 0
tux.martin@jabber.cz 82 0 0 0 0 1 0 0 0 0 0 0 0 0 1 0 0 1 0 0 2 0 6 3 0 0 0 0 3 0 0 0 8 8 1 0 0 0 0 0 2 1 0 0 0 3 2 0 0 0 6 0 8 2 0 2 0 0 0 0 0 0 0 0 0 0 0 0 0 0 0 0 1 0 0 0 0 0 0 0 0 2 2 0 0 0 0 1 0 0 0 0 5 0 1 0 0 0 0 0 0 0 0 0 0 0 0 0 0 0 0 0 0 0 0 0 0 0 0 0 0 0 0 0 0 0 0 0 0 0
xapoh@jabbim.sk 41 0 0 0 0 3 0 0 0 0 1 0 10 0 0 0 0 6 0 0 2 1 1 0 0 0 3 0 2 0 0 0 0 6 1 0 5 0 7 1 1 5 0 0 0 3 4 0 4 0 1 0 0 0 0 1 11 0 0 0 0 0 0 0 0 0 3 0 0 0 0 0 6 1 0 0 0 0 10 0 0 4 1 0 0 3 0 0 0 0 0 0 1 2 0 2 1 0 0 0 0 0 0 0 0 0 0 0 0 0 0 0 0 0 0 0 0 0 0 0 0 0 0 0 0 0 0 0 0 0
matasx@njs.netlab.cz 37 0 2 0 0 0 6 0 0 0 1 0 12 0 1 0 0 4 0 0 0 1 0 0 0 0 0 11 2 0 0 0 0 2 0 0 3 0 3 0 0 6 11 0 4 2 2 0 2 0 0 0 0 0 0 1 5 0 0 0 0 0 0 0 0 0 2 0 6 0 0 0 2 4 0 0 0 0 6 0 0 2 4 0 1 3 0 0 0 0 0 2 0 0 1 2 1 0 0 0 0 0 0 0 0 0 0 0 0 0 0 0 0 0 0 0 0 0 0 0 0 0 0 0 0 0 0 0 0 0
javier.brat@gmail.com 35 0 22 0 0 0 3 1 0 0 1 0 0 0 0 0 0 2 0 0 0 1 0 0 0 1 5 0 3 0 0 0 0 3 0 0 1 0 18 0 0 6 7 0 3 0 3 0 1 0 0 0 0 0 0 0 0 0 0 0 0 0 0 0 0 0 1 0 2 0 0 0 0 4 0 0 0 0 15 0 0 0 0 0 0 0 0 0 0 0 0 1 0 1 1 0 6 6 0 1 0 0 0 0 0 0 0 0 0 0 0 0 0 0 0 0 0 0 0 0 0 0 0 0 0 0 0 0 0 0
sychra@jabbim.cz 65 0 0 0 0 7 0 0 0 0 0 0 2 0 0 1 0 4 0 0 1 4 0 2 0 0 2 0 0 0 1 1 1 3 1 0 2 0 8 2 0 10 0 0 0 0 1 0 4 0 0 0 0 0 0 1 1 0 0 0 0 0 0 0 0 0 2 0 1 0 0 1 1 5 0 1 0 0 8 0 0 0 0 0 0 4 0 0 0 0 0 0 0 0 2 3 0 0 0 2 0 0 0 0 0 0 0 0 0 0 0 0 0 0 0 0 0 0 0 0 0 0 0 0 0 0 0 0 0 0
ondrg@linjab.org 112 0 0 0 0 2 0 0 0 0 0 0 0 0 1 1 1 2 0 0 0 1 0 1 0 1 0 1 0 0 1 1 3 1 1 0 0 0 1 0 1 0 0 0 0 0 0 0 1 0 1 0 2 0 0 3 0 0 0 0 0 0 0 0 0 0 3 0 0 0 0 0 1 0 0 3 0 0 1 0 0 1 0 0 1 2 0 0 0 0 0 0 1 0 0 1 0 0 0 1 0 0 0 0 0 0 0 0 0 0 0 0 0 0 0 0 0 0 0 0 0 0 0 0 0 0 0 0 0 0
moen@366.hopto.org 125 0 0 0 3 0 0 2 0 0 1 0 0 0 0 0 0 0 0 0 0 1 0 1 0 0 0 0 0 0 0 0 0 0 0 0 0 0 0 0 0 2 0 0 0 0 0 0 5 0 0 0 0 0 0 0 0 0 0 0 0 0 0 0 0 1 0 0 0 0 0 1 0 0 0 0 0 0 0 0 0 1 0 0 5 0 0 0 0 0 0 0 0 0 0 0 0 0 0 6 0 0 0 0 0 0 0 0 0 0 0 0 0 0 0 0 0 0 0 0 0 0 0 0 0 0 0 0 0 0
myler@jabber.cz 71 0 1 0 0 0 13 0 0 0 0 0 0 0 4 1 0 0 0 0 1 0 2 0 0 0 0 0 1 0 0 1 0 2 0 0 0 0 1 0 0 0 0 0 0 41 0 0 0 0 0 0 0 1 0 0 1 0 0 0 0 0 0 0 0 0 0 0 1 0 0 2 1 1 0 0 0 0 3 0 0 0 0 0 0 0 0 0 0 0 0 3 0 0 0 0 1 1 0 0 0 0 0 0 0 0 0 0 0 0 0 0 0 0 0 0 0 0 0 0 0 0 0 0 0 0 0 0 0 0
martix@openmoko.cz 153 0 0 0 0 0 0 0 0 0 0 0 0 0 0 0 0 1 0 0 0 0 0 0 0 0 0 0 0 0 0 0 0 0 0 0 0 0 0 0 0 0 0 0 0 0 0 0 0 0 0 0 0 0 0 0 0 0 0 0 0 0 0 0 0 0 0 0 0 0 0 0 0 0 0 0 0 0 0 0 0 0 0 0 0 0 0 0 0 0 0 0 0 0 0 0 0 0 0 0 0 0 0 0 0 0 0 0 0 0 0 0 0 0 0 0 0 0 0 0 0 0 0 0 0 0 0 0 0 0
rezza@jabber.cz 115 0 0 0 1 11 0 3 0 0 0 0 0 0 0 1 0 0 0 0 0 2 0 2 0 0 0 0 0 0 0 1 0 0 0 0 0 0 0 1 0 0 0 0 0 0 1 0 2 0 0 0 0 1 0 0 0 0 0 0 0 0 0 0 0 0 1 0 0 0 0 0 0 1 0 0 0 0 0 0 0 1 0 0 1 1 0 0 0 0 0 0 0 0 3 1 0 1 0 3 0 0 0 0 0 0 0 0 0 0 0 0 0 0 0 0 0 0 0 0 0 0 0 0 0 0 0 0 0 0
ales.lanik@gmail.com 136 0 0 0 0 1 0 1 0 0 1 0 1 0 1 0 1 2 0 0 0 1 0 0 0 0 0 0 1 0 0 0 0 0 0 0 1 0 0 0 1 0 0 0 0 0 0 0 0 0 0 0 0 1 0 0 0 0 0 0 0 0 0 0 0 1 0 0 0 0 0 0 0 0 0 0 0 0 0 0 0 0 0 0 0 0 0 0 0 0 0 1 1 0 2 0 0 0 0 0 0 0 0 0 0 0 0 0 0 0 0 0 0 0 0 0 0 0 0 0 0 0 0 0 0 0 0 0 0 0